0 0.6705357142857142 0.25415676959619954 0.023214285714285715 0.028503562945368172
0 0.8196428571428571 0.2684085510688836 0.02857142857142857 0.03800475059382423
0 0.8633928571428572 0.2862232779097387 0.055357142857142855 0.030878859857482184
0 0.7267857142857143 0.29453681710213775 0.02857142857142857 0.03800475059382423
0 0.5598214285714286 0.34679334916864607 0.030357142857142857 0.057007125890736345
0 0.6589285714285714 0.34679334916864607 0.03571428571428571 0.052256532066508314
0 0.39285714285714285 0.3527315914489311 0.03214285714285714 0.07838479809976247
0 0.12321428571428572 0.3646080760095012 0.05 0.04513064133016627
0 0.8741071428571429 0.39667458432304037 0.08392857142857142 0.07125890736342043
0 0.9508928571428571 0.39667458432304037 0.023214285714285715 0.03800475059382423
0 0.19910714285714284 0.3978622327790974 0.08035714285714286 0.09738717339667459
0 0.4330357142857143 0.42042755344418054 0.07321428571428572 0.166270783847981
0 0.2883928571428571 0.42874109263657956 0.06964285714285715 0.05938242280285035
0 0.3580357142857143 0.42992874109263657 0.033928571428571426 0.04275534441805225
0 0.5535714285714286 0.4311163895486936 0.039285714285714285 0.09263657957244656
0 0.7089285714285715 0.43942992874109266 0.02857142857142857 0.047505938242280284
0 0.08482142857142858 0.4418052256532066 0.030357142857142857 0.028503562945368172
0 0.9133928571428571 0.46080760095011875 0.030357142857142857 0.047505938242280284
0 0.9892857142857143 0.4845605700712589 0.02142857142857143 0.0332541567695962
0 0.022321428571428572 0.4857482185273159 0.044642857142857144 0.06413301662707839
0 0.26785714285714285 0.49524940617577196 0.02857142857142857 0.035629453681710214
0 0.18571428571428572 0.49643705463182897 0.039285714285714285 0.052256532066508314
0 0.8178571428571428 0.5 0.017857142857142856 0.030878859857482184
0 0.33214285714285713 0.501187648456057 0.04642857142857143 0.047505938242280284
0 0.07232142857142858 0.502375296912114 0.06607142857142857 0.05463182897862233
0 0.46875 0.5154394299287411 0.0625 0.10926365795724466
0 0.7455357142857143 0.517814726840855 0.030357142857142857 0.047505938242280284
0 0.6419642857142858 0.5190023752969121 0.01607142857142857 0.035629453681710214
0 0.5026785714285714 0.052256532066508314 0.033928571428571426 0.047505938242280284
0 0.7910714285714285 0.5296912114014252 0.03571428571428571 0.052256532066508314
0 0.9758928571428571 0.5296912114014252 0.0375 0.03800475059382423
0 0.7098214285714286 0.5475059382422803 0.033928571428571426 0.05938242280285035
0 0.8955357142857143 0.5546318289786223 0.030357142857142857 0.030878859857482184
0 0.12857142857142856 0.5760095011876485 0.03571428571428571 0.035629453681710214
0 0.22142857142857142 0.5807600950118765 0.039285714285714285 0.030878859857482184
0 0.06517857142857143 0.5878859857482185 0.0375 0.04513064133016627
0 0.8142857142857143 0.5890736342042755 0.04642857142857143 0.07600950118764846
0 0.023214285714285715 0.6187648456057007 0.04642857142857143 0.09738717339667459
0 0.5151785714285714 0.6211401425178147 0.08035714285714286 0.12589073634204276
0 0.7241071428571428 0.6235154394299287 0.026785714285714284 0.12114014251781473
0 0.6767857142857143 0.6294536817102138 0.05 0.0997624703087886
0 0.9848214285714286 0.6365795724465558 0.030357142857142857 0.0332541567695962
0 0.08571428571428572 0.6425178147268409 0.02142857142857143 0.030878859857482184
0 0.30089285714285713 0.66270783847981 0.0625 0.057007125890736345
0 0.16607142857142856 0.66270783847981 0.03571428571428571 0.0332541567695962
0 0.6767857142857143 0.6923990498812351 0.03214285714285714 0.030878859857482184
0 0.8848214285714285 0.6935866983372921 0.08035714285714286 0.07125890736342043
0 0.16428571428571428 0.7268408551068883 0.14285714285714285 0.09026128266033254
0 0.9375 0.7743467933491687 0.03214285714285714 0.03800475059382423
0 0.8392857142857143 0.833729216152019 0.06428571428571428 0.0665083135391924
0 0.9892857142857143 0.15676959619952494 0.02142857142857143 0.023752969121140142