0 0.4420572916666667 0.1831597222222222 0.10546875 0.10590277777777778
0 0.20963541666666666 0.18836805555555555 0.13020833333333334 0.1371527777777778
0 0.18880208333333334 0.3185763888888889 0.078125 0.08506944444444445
0 0.5260416666666666 0.3958333333333333 0.1796875 0.1423611111111111
0 0.14453125 0.4340277777777778 0.09375 0.12152777777777778
0 0.287109375 0.4522569444444444 0.09765625 0.08159722222222222
0 0.3639322916666667 0.5451388888888888 0.05859375 0.059027777777777776
0 0.8294270833333334 0.546875 0.052083333333333336 0.19444444444444445
0 0.7265625 0.5755208333333334 0.10677083333333333 0.2378472222222222
0 0.529296875 0.5850694444444444 0.08203125 0.22916666666666666
0 0.62109375 0.6267361111111112 0.08333333333333333 0.2847222222222222
0 0.3190104166666667 0.7638888888888888 0.036458333333333336 0.04513888888888889
0 0.6829427083333334 0.7743055555555556 0.024739583333333332 0.04513888888888889
0 0.419921875 0.8428819444444444 0.045572916666666664 0.13368055555555555