0 0.5168776371308017 0.3359872611464968 0.029535864978902954 0.04777070063694268
0 0.9725738396624473 0.35828025477707004 0.05485232067510549 0.09235668789808917
0 0.6877637130801688 0.37261146496815284 0.03375527426160337 0.06369426751592357
0 0.7225738396624473 0.3821656050955414 0.027426160337552744 0.050955414012738856
0 0.770042194092827 0.3980891719745223 0.05907172995780591 0.10828025477707007
0 0.1371308016877637 0.4012738853503185 0.03375527426160337 0.07643312101910828
0 0.6265822784810127 0.43789808917197454 0.05063291139240506 0.04777070063694268
0 0.6761603375527426 0.46656050955414013 0.027426160337552744 0.03503184713375796
0 0.22362869198312235 0.4713375796178344 0.03375527426160337 0.07006369426751592
0 0.8744725738396625 0.49044585987261147 0.07805907172995781 0.07643312101910828
0 0.9683544303797469 0.5 0.06329113924050633 0.050955414012738856
0 0.5021097046413502 0.5047770700636943 0.11392405063291139 0.22611464968152867
0 0.6603375527426161 0.5047770700636943 0.03375527426160337 0.041401273885350316
0 0.08860759493670886 0.5191082802547771 0.016877637130801686 0.03184713375796178
0 0.25 0.535031847133758 0.027426160337552744 0.08280254777070063
0 0.7943037974683544 0.554140127388535 0.035864978902953586 0.06369426751592357
0 0.09915611814345991 0.0589171974522293 0.03375527426160337 0.04777070063694268
0 0.6930379746835443 0.606687898089172 0.04430379746835443 0.07961783439490445
0 0.3090717299578059 0.60828025477707 0.06118143459915612 0.17197452229299362
0 0.7932489451476793 0.6178343949044586 0.0379746835443038 0.07643312101910828
0 0.1877637130801688 0.6194267515923567 0.03375527426160337 0.06050955414012739
0 0.4208860759493671 0.6257961783439491 0.04852320675105485 0.10509554140127389
0 0.9525316455696202 0.6337579617834395 0.0949367088607595 0.17834394904458598
0 0.8481012658227848 0.6401273885350318 0.07172995780590717 0.05732484076433121
0 0.7236286919831224 0.6894904458598726 0.029535864978902954 0.054140127388535034
0 0.48628691983122363 0.6926751592356688 0.052742616033755275 0.11146496815286625
0 0.9061181434599156 0.7388535031847133 0.08649789029535865 0.10828025477707007
0 0.5464135021097046 0.7420382165605095 0.03375527426160337 0.050955414012738856
0 0.6065400843881856 0.7547770700636943 0.0189873417721519 0.03184713375796178
0 0.8090717299578059 0.7722929936305732 0.03164556962025317 0.09235668789808917
0 0.42510548523206754 0.785031847133758 0.035864978902953586 0.054140127388535034
0 0.47151898734177217 0.8057324840764332 0.04008438818565401 0.050955414012738856
0 0.8829113924050633 0.8264331210191083 0.04852320675105485 0.06050955414012739
0 0.709915611814346 0.8407643312101911 0.14556962025316456 0.11464968152866242
0 0.3438818565400844 0.8646496815286624 0.06751054852320675 0.06687898089171974
0 0.869198312236287 0.8821656050955414 0.029535864978902954 0.03184713375796178
0 0.5664556962025317 0.8949044585987261 0.023206751054852322 0.050955414012738856
0 0.4641350210970464 0.945859872611465 0.03375527426160337 0.03184713375796178
0 0.7584388185654009 0.964968152866242 0.04008438818565401 0.050955414012738856
0 0.540084388185654 0.9681528662420382 0.02531645569620253 0.05732484076433121
0 0.8491561181434599 0.12579617834394904 0.035864978902953586 0.041401273885350316
0 0.9873417721518988 0.2070063694267516 0.02531645569620253 0.050955414012738856
0 0.14873417721518986 0.24203821656050956 0.07383966244725738 0.09554140127388536
0 0.6160337552742616 0.24522292993630573 0.10970464135021098 0.16560509554140126
0 0.5337552742616034 0.26910828025477707 0.10126582278481013 0.2070063694267516
0 0.7689873417721519 0.2945859872611465 0.06118143459915612 0.1178343949044586
0 0.9757383966244726 0.29777070063694266 0.035864978902953586 0.0732484076433121