0 0.820675105485232 0.34345047923322686 0.04219409282700422 0.06070287539936102
0 0.3850210970464135 0.34824281150159747 0.06540084388185655 0.07028753993610223
0 0.4578059071729958 0.3801916932907348 0.04219409282700422 0.06389776357827476
0 0.7489451476793249 0.40894568690095845 0.046413502109704644 0.06389776357827476
0 0.820675105485232 0.40894568690095845 0.0379746835443038 0.051118210862619806
0 0.4989451476793249 0.48722044728434505 0.04430379746835443 0.08626198083067092
0 0.4525316455696203 0.052715654952076675 0.10337552742616034 0.10543130990415335
0 0.5643459915611815 0.512779552715655 0.04852320675105485 0.07348242811501597
0 0.8048523206751055 0.5223642172523961 0.035864978902953586 0.04153354632587859
0 0.21624472573839662 0.5543130990415336 0.10759493670886076 0.3610223642172524
0 0.7827004219409283 0.6757188498402555 0.0379746835443038 0.04792332268370607
0 0.07489451476793249 0.768370607028754 0.04852320675105485 0.054313099041533544
0 0.015822784810126583 0.768370607028754 0.03164556962025317 0.06070287539936102
0 0.3987341772151899 0.7971246006389776 0.18565400843881857 0.2971246006389776
0 0.6128691983122363 0.8817891373801917 0.1371308016877637 0.1597444089456869
0 0.4704641350210971 0.9792332268370607 0.029535864978902954 0.04153354632587859
0 0.4873417721518987 0.19968051118210864 0.05485232067510549 0.07987220447284345
0 0.6223628691983122 0.30670926517571884 0.07172995780590717 0.10862619808306709