0 0.41139240506329117 0.03172205438066465 0.05907172995780591 0.03927492447129909
0 0.3681434599156118 0.3066465256797583 0.04430379746835443 0.08157099697885196
0 0.4620253164556962 0.3217522658610272 0.05485232067510549 0.06948640483383686
0 0.3090717299578059 0.3549848942598187 0.04008438818565401 0.08157099697885196
0 0.1350210970464135 0.3610271903323263 0.03375527426160337 0.0513595166163142
0 0.19198312236286919 0.36706948640483383 0.06329113924050633 0.05740181268882175
0 0.47468354430379744 0.42749244712990936 0.04219409282700422 0.0755287009063444
0 0.3881856540084388 0.43202416918429004 0.03375527426160337 0.054380664652567974
0 0.5833333333333334 0.4335347432024169 0.035864978902953586 0.0513595166163142
0 0.19514767932489452 0.4350453172205438 0.035864978902953586 0.054380664652567974
0 0.9314345991561181 0.43655589123867067 0.04008438818565401 0.05740181268882175
0 0.23734177215189872 0.4395770392749245 0.023206751054852322 0.045317220543806644
0 0.8185654008438819 0.4773413897280967 0.0379746835443038 0.06042296072507553
0 0.03691983122362869 0.486404833836858 0.03164556962025317 0.04833836858006042
0 0.2289029535864979 0.4954682779456193 0.035864978902953586 0.04229607250755287
0 0.9187763713080169 0.5241691842900302 0.023206751054852322 0.03927492447129909
0 0.2310126582278481 0.5513595166163142 0.035864978902953586 0.03323262839879154
0 0.08755274261603375 0.5513595166163142 0.027426160337552744 0.03927492447129909
0 0.4166666666666667 0.5589123867069486 0.04008438818565401 0.07250755287009064
0 0.8396624472573839 0.595166163141994 0.0379746835443038 0.04833836858006042
0 0.1729957805907173 0.6117824773413897 0.03375527426160337 0.0634441087613293
0 0.8786919831223629 0.6314199395770392 0.052742616033755275 0.054380664652567974
0 0.5263713080168776 0.6586102719033232 0.035864978902953586 0.04229607250755287
0 0.052742616033755275 0.6737160120845922 0.03375527426160337 0.08459214501510574
0 0.6487341772151899 0.729607250755287 0.027426160337552744 0.03927492447129909
0 0.023206751054852322 0.7492447129909365 0.029535864978902954 0.03625377643504532
0 0.33649789029535865 0.7719033232628398 0.052742616033755275 0.0755287009063444
0 0.45358649789029537 0.7734138972809668 0.03375527426160337 0.04833836858006042
0 0.17616033755274263 0.7900302114803626 0.06540084388185655 0.0513595166163142
0 0.6561181434599156 0.7990936555891238 0.029535864978902954 0.03927492447129909
0 0.8987341772151899 0.8308157099697885 0.05063291139240506 0.054380664652567974
0 0.7774261603375527 0.8398791540785498 0.06540084388185655 0.06646525679758308
0 0.9377637130801688 0.8761329305135952 0.027426160337552744 0.04229607250755287
0 0.17721518987341772 0.8942598187311178 0.05485232067510549 0.054380664652567974
0 0.8523206751054853 0.8987915407854985 0.02531645569620253 0.05740181268882175
0 0.7964135021097046 0.904833836858006 0.04852320675105485 0.0634441087613293
0 0.6877637130801688 0.09063444108761329 0.1308016877637131 0.1148036253776435
0 0.6318565400843882 0.9214501510574018 0.04852320675105485 0.06646525679758308
0 0.33649789029535865 0.09516616314199396 0.04852320675105485 0.08157099697885196
0 0.1308016877637131 0.9531722054380665 0.029535864978902954 0.045317220543806644
0 0.8713080168776371 0.9682779456193353 0.05063291139240506 0.05740181268882175
0 0.21308016877637131 0.9848942598187311 0.03375527426160337 0.02416918429003021
0 0.629746835443038 0.9848942598187311 0.03164556962025317 0.030211480362537766
0 0.25316455696202533 0.1268882175226586 0.08438818565400844 0.12084592145015106
0 0.33649789029535865 0.015105740181268883 0.035864978902953586 0.030211480362537766
0 0.8818565400843882 0.1510574018126888 0.02531645569620253 0.07250755287009064
0 0.7373417721518988 0.19486404833836857 0.035864978902953586 0.045317220543806644
0 0.1930379746835443 0.20996978851963746 0.04430379746835443 0.03927492447129909
0 0.8375527426160337 0.2175226586102719 0.029535864978902954 0.04833836858006042
0 0.2890295358649789 0.22356495468277945 0.05907172995780591 0.054380664652567974
0 0.8006329113924051 0.243202416918429 0.027426160337552744 0.045317220543806644
0 0.3154008438818565 0.2764350453172205 0.03164556962025317 0.03323262839879154
0 0.18459915611814345 0.2824773413897281 0.052742616033755275 0.10574018126888217
0 0.8945147679324894 0.2990936555891239 0.04219409282700422 0.07250755287009064