0 0.7383966244725738 0.33098591549295775 0.08860759493670886 0.09295774647887324
0 0.29430379746835444 0.33943661971830985 0.04430379746835443 0.08169014084507042
0 0.6719409282700421 0.35352112676056335 0.04008438818565401 0.08169014084507042
0 0.439873417721519 0.4084507042253521 0.04852320675105485 0.07887323943661972
0 0.759493670886076 0.4422535211267606 0.08438818565400844 0.09577464788732394
0 0.6656118143459916 0.47746478873239434 0.04430379746835443 0.10422535211267606
0 0.5748945147679325 0.49859154929577465 0.03164556962025317 0.07323943661971831
0 0.7911392405063291 0.5380281690140845 0.06751054852320675 0.0676056338028169
0 0.990506329113924 0.6014084507042253 0.0189873417721519 0.04225352112676056
0 0.5907172995780591 0.6084507042253521 0.046413502109704644 0.10704225352112676
0 0.4177215189873418 0.1591549295774648 0.0379746835443038 0.04225352112676056