0 0.5537974683544303 0.26517150395778366 0.14556962025316456 0.09762532981530343
0 0.24261603375527427 0.2783641160949868 0.12658227848101267 0.12401055408970976
0 0.2141350210970464 0.36675461741424803 0.056962025316455694 0.06860158311345646
0 0.34282700421940926 0.3786279683377309 0.1540084388185654 0.15567282321899736
0 0.5685654008438819 0.41424802110817943 0.2552742616033755 0.158311345646438
0 0.37763713080168776 0.5316622691292876 0.1308016877637131 0.12928759894459102
0 0.7331223628691983 0.5501319261213721 0.29324894514767935 0.13984168865435356
0 0.5158227848101266 0.5620052770448549 0.11181434599156118 0.1266490765171504
0 0.8639240506329114 0.6160949868073878 0.1540084388185654 0.0870712401055409
0 0.7078059071729957 0.7031662269129287 0.339662447257384 0.16094986807387862
0 0.9862869198312236 0.7783641160949868 0.023206751054852322 0.04221635883905013
0 0.6550632911392406 0.8153034300791556 0.052742616033755275 0.04221635883905013
0 0.43037974683544306 0.820580474934037 0.07172995780590717 0.10554089709762533
0 0.870253164556962 0.8324538258575198 0.04430379746835443 0.0395778364116095
0 0.5527426160337553 0.862796833773087 0.0379746835443038 0.0316622691292876
0 0.790084388185654 0.9010554089709762 0.04430379746835443 0.09762532981530343
0 0.46729957805907174 0.9406332453825857 0.12447257383966245 0.11345646437994723
0 0.41561181434599154 0.21372031662269128 0.029535864978902954 0.05804749340369393
0 0.4462025316455696 0.262532981530343 0.04852320675105485 0.044854881266490766