2 0.45166015625 0.1316818774445893 0.1591796875 0.14341590612777053
2 0.67724609375 0.1577574967405476 0.1494140625 0.14863102998696218
2 0.30419921875 0.18252933507170796 0.1689453125 0.15123859191655803
2 0.80517578125 0.24771838331160365 0.1630859375 0.1877444589308996
2 0.13623046875 0.25945241199478486 0.1845703125 0.17470664928292046
2 0.40380859375 0.29465449804432853 0.1962890625 0.1981747066492829
2 0.66552734375 0.3285528031290743 0.1650390625 0.18252933507170796
2 0.92236328125 0.35723598435462844 0.1552734375 0.23468057366362452
2 0.19970703125 0.3859191655801825 0.2060546875 0.2138200782268579
2 0.50439453125 0.42242503259452413 0.1708984375 0.1981747066492829
2 0.81298828125 0.4511082138200782 0.2099609375 0.21903520208604954
2 0.29443359375 0.5358539765319427 0.2158203125 0.21642764015645372
2 0.63134765625 0.5684485006518905 0.2294921875 0.27640156453715775
2 0.08251953125 0.6675358539765319 0.1630859375 0.3076923076923077
2 0.40869140625 0.7288135593220338 0.2568359375 0.29986962190352023
2 0.82177734375 0.803129074315515 0.2626953125 0.32333767926988266
2 0.13916015625 0.8767926988265972 0.2763671875 0.24641460234680573
2 0.58154296875 0.8911342894393742 0.3369140625 0.21773142112125163