1 0.44165435745937964 0.5204081632653061 0.07016248153618906 0.08673469387755102
1 0.7463072378138847 0.5522959183673469 0.0620384047267356 0.08418367346938775
1 0.5201255539143279 0.5905612244897959 0.060930576070901035 0.06887755102040816
1 0.8903249630723782 0.6262755102040817 0.0620384047267356 0.09948979591836735
1 0.6382939438700148 0.6721938775510204 0.04911373707533235 0.11479591836734694
1 0.7786189069423929 0.7487244897959183 0.07127031019202364 0.1096938775510204
1 0.7056868537666174 0.2816326530612245 0.04357459379615953 0.07857142857142857
1 0.9804283604135894 0.286734693877551 0.03914327917282127 0.058163265306122446
1 0.810930576070901 0.31760204081632654 0.04357459379615953 0.06887755102040816
1 0.628138847858198 0.35331632653061223 0.03988183161004431 0.08418367346938775
1 0.9115583456425406 0.35841836734693877 0.04542097488921713 0.06377551020408163
1 0.7241506646971935 0.4030612244897959 0.05465288035450517 0.07142857142857142
1 0.8607828655834564 0.43112244897959184 0.05096011816838995 0.11224489795918367
1 0.5406203840472673 0.43494897959183676 0.04948301329394387 0.08418367346938775
1 0.628138847858198 0.5 0.0620384047267356 0.07653061224489796
1 0.9711964549483013 0.5012755102040817 0.05760709010339734 0.06887755102040816