2 0.6835714285714286 0.25125 0.16714285714285715 0.1675
2 0.05785714285714286 0.27375 0.11571428571428571 0.1775
2 0.8707142857142857 0.2775 0.17 0.17
2 0.20357142857142857 0.3175 0.15857142857142856 0.205
2 0.4035714285714286 0.33625 0.20142857142857143 0.1725
2 0.61 0.34125 0.13714285714285715 0.1625
2 0.79 0.37875 0.19714285714285715 0.1825
2 0.25642857142857145 0.45875 0.1957142857142857 0.1375
2 0.4664285714285714 0.50125 0.18428571428571427 0.2475
2 0.7092857142857143 0.5525 0.2042857142857143 0.265
2 0.9207142857142857 0.575 0.15857142857142856 0.315
2 0.2714285714285714 0.6925 0.28 0.365
2 0.8528571428571429 0.755 0.23142857142857143 0.255
2 0.5414285714285715 0.81125 0.24 0.3225
2 0.095 0.90375 0.19 0.1925
2 0.32071428571428573 0.1075 0.15 0.125
2 0.7592857142857142 0.16125 0.11857142857142858 0.1575
2 0.5221428571428571 0.21375 0.14142857142857143 0.1425