1 0.1670866935483871 0.3704637096774194 0.21925403225806453 0.13608870967741934
1 0.4899193548387097 0.4027217741935484 0.23387096774193547 0.13138440860215053
1 0.7925907258064516 0.4480846774193548 0.20514112903225806 0.1622983870967742
1 0.019153225806451613 0.5327620967741935 0.038306451612903226 0.10853494623655914
1 0.02444556451612903 0.550739247311828 0.04586693548387097 0.17405913978494625
1 0.20892137096774194 0.586861559139785 0.24143145161290322 0.1448252688172043
1 0.5572127016129033 0.6278662634408602 0.24344758064516128 0.18245967741935484
1 0.8434979838709677 0.06586021505376344 0.20715725806451613 0.11760752688172044
1 0.8636592741935484 0.6617943548387096 0.21522177419354838 0.167002688172043
1 0.06401209677419355 0.15625 0.11491935483870967 0.17137096774193547
1 0.31401209677419356 0.17473118279569894 0.2288306451612903 0.1303763440860215
1 0.6169354838709677 0.19270833333333334 0.21875 0.14751344086021506
1 0.9039818548387096 0.26360887096774194 0.14264112903225806 0.12533602150537634
1 0.5544354838709677 0.030745967741935484 0.26411290322580644 0.06149193548387097
1 0.2373991935483871 0.030913978494623656 0.24294354838709678 0.06182795698924731