1 0.24848790322580644 0.34122983870967744 0.07762096774193548 0.04872311827956989
1 0.7348790322580645 0.3449260752688172 0.07258064516129033 0.042674731182795696
1 0.49974798387096775 0.3472782258064516 0.07409274193548387 0.04603494623655914
1 0.6365927419354839 0.400369623655914 0.07762096774193548 0.04603494623655914
1 0.40473790322580644 0.400369623655914 0.08266129032258064 0.04603494623655914
1 0.2842741935483871 0.42036290322580644 0.07661290322580645 0.04099462365591398
1 0.756804435483871 0.42338709677419356 0.0811491935483871 0.04704301075268817
1 0.5226814516129032 0.42422715053763443 0.08165322580645161 0.04872311827956989
1 0.6451612903225806 0.4796706989247312 0.08266129032258064 0.04200268817204301
1 0.4044858870967742 0.4801747311827957 0.08014112903225806 0.04435483870967742
1 0.2825100806451613 0.5006720430107527 0.08014112903225806 0.043682795698924734
1 0.7631048387096774 0.5025201612903226 0.07358870967741936 0.04872311827956989
1 0.5287298387096774 0.5060483870967742 0.07862903225806452 0.04771505376344086
1 0.6459173387096774 0.5631720430107527 0.08618951612903226 0.04099462365591398
1 0.4029737903225806 0.5631720430107527 0.07409274193548387 0.04771505376344086
1 0.2779737903225806 0.5823252688172043 0.08921370967741936 0.04032258064516129
1 0.7585685483870968 0.582997311827957 0.07762096774193548 0.05040322580645161
1 0.5231854838709677 0.5855174731182796 0.08266129032258064 0.04536290322580645
1 0.6194556451612904 0.639616935483871 0.07862903225806452 0.03931451612903226
1 0.3840725806451613 0.6431451612903226 0.07661290322580645 0.04771505376344086
1 0.7373991935483871 0.6628024193548387 0.07258064516129033 0.04536290322580645
1 0.25982862903225806 0.6629704301075269 0.08518145161290322 0.04032258064516129
1 0.4977318548387097 0.6636424731182796 0.08518145161290322 0.04032258064516129
1 0.6466733870967742 0.7200940860215054 0.07762096774193548 0.04032258064516129
1 0.4090221774193548 0.7259744623655914 0.08417338709677419 0.04200268817204301
1 0.7681451612903226 0.7384072580645161 0.07862903225806452 0.055443548387096774
1 0.2918346774193548 0.741263440860215 0.09173387096774194 0.04099462365591398
1 0.5315020161290323 0.7422715053763441 0.0690524193548387 0.04435483870967742
1 0.6272681451612904 0.7951948924731183 0.08618951612903226 0.04603494623655914
1 0.3868447580645161 0.796875 0.07006048387096774 0.042674731182795696
1 0.7409274193548387 0.8140120967741935 0.07258064516129033 0.052083333333333336
1 0.27368951612903225 0.8168682795698925 0.06754032258064516 0.04435483870967742
1 0.5078125 0.8215725806451613 0.07006048387096774 0.04704301075268817
1 0.6081149193548387 0.16330645161290322 0.07610887096774194 0.034274193548387094
1 0.37575604838709675 0.16918682795698925 0.07006048387096774 0.03931451612903226
1 0.7260584677419355 0.1849798387096774 0.0751008064516129 0.04536290322580645
1 0.2439516129032258 0.19035618279569894 0.06149193548387097 0.05275537634408602
1 0.4879032258064516 0.19270833333333334 0.07258064516129033 0.03931451612903226
1 0.6368447580645161 0.2404233870967742 0.07610887096774194 0.04536290322580645
1 0.4027217741935484 0.24243951612903225 0.0967741935483871 0.042674731182795696
1 0.7550403225806451 0.2637768817204301 0.06955645161290322 0.05309139784946237
1 0.2817540322580645 0.2642809139784946 0.08165322580645161 0.04603494623655914
1 0.5181451612903226 0.2651209677419355 0.07762096774193548 0.04435483870967742
1 0.6151713709677419 0.31586021505376344 0.0751008064516129 0.04704301075268817
1 0.37298387096774194 0.322244623655914 0.08770161290322581 0.04099462365591398