1 0.07636088709677419 0.3528225806451613 0.1184475806451613 0.10887096774193548
1 0.6570060483870968 0.38071236559139787 0.24143145161290322 0.16868279569892472
1 0.930695564516129 0.3956653225806452 0.13860887096774194 0.14818548387096775
1 0.3588709677419355 0.427755376344086 0.16532258064516128 0.11760752688172044
1 0.39944556451612906 0.05090725806451613 0.19909274193548387 0.09711021505376344
1 0.1171875 0.5655241935483871 0.17590725806451613 0.12701612903225806
1 0.7179939516129032 0.5942540322580645 0.25856854838709675 0.1797715053763441
1 0.9455645161290323 0.6076948924731183 0.09274193548387097 0.1219758064516129
1 0.4029737903225806 0.6468413978494624 0.19405241935483872 0.14717741935483872
1 0.1663306451612903 0.16263440860215053 0.16431451612903225 0.11290322580645161
1 0.7852822580645161 0.19556451612903225 0.18951612903225806 0.13306451612903225
1 0.4632056451612903 0.22463037634408603 0.2439516129032258 0.12600806451612903
1 0.6809475806451613 0.03125 0.24596774193548387 0.053763440860215055