1 0.050067204301075266 0.5594758064516129 0.08534946236559139 0.13608870967741934
1 0.2928427419354839 0.5597278225806451 0.09038978494623656 0.11139112903225806
1 0.42893145161290325 0.5796370967741935 0.09711021505376344 0.13608870967741934
1 0.5682123655913979 0.5940020161290323 0.07056451612903226 0.08215725806451613
1 0.1725470430107527 0.600554435483871 0.08770161290322581 0.11441532258064516
1 0.821236559139785 0.6035786290322581 0.07661290322580645 0.11441532258064516
1 0.6848118279569892 0.623991935483871 0.07459677419354839 0.09173387096774194
1 0.9284274193548387 0.6252520161290323 0.07123655913978495 0.09223790322580645
1 0.07090053763440861 0.7424395161290323 0.08534946236559139 0.10584677419354839
1 0.32073252688172044 0.766633064516129 0.07896505376344086 0.13205645161290322
1 0.4485887096774194 0.7777217741935484 0.0907258064516129 0.10181451612903226
1 0.8338373655913979 0.7933467741935484 0.08434139784946236 0.12399193548387097
1 0.5902217741935484 0.7956149193548387 0.0883736559139785 0.12953629032258066
1 0.19623655913978494 0.8107358870967742 0.07661290322580645 0.10433467741935484
1 0.9593413978494624 0.8122479838709677 0.06182795698924731 0.09122983870967742
1 0.7147177419354839 0.8142641129032258 0.08602150537634409 0.11139112903225806
1 0.7424395161290323 0.08770161290322581 0.07963709677419355 0.08568548387096774
1 0.973622311827957 0.09727822580645161 0.050739247311827954 0.14919354838709678
1 0.061995967741935484 0.1741431451612903 0.06619623655913978 0.07308467741935484
1 0.3113239247311828 0.1849798387096774 0.08770161290322581 0.10080645161290322
1 0.5692204301075269 0.19506048387096775 0.08669354838709678 0.11794354838709678
1 0.4440524193548387 0.1970766129032258 0.08501344086021505 0.10483870967741936
1 0.3548387096774194 0.020413306451612902 0.07795698924731183 0.039818548387096774
1 0.17355510752688172 0.20514112903225806 0.0715725806451613 0.10181451612903226
1 0.8244287634408602 0.23286290322580644 0.08165322580645161 0.11290322580645161
1 0.7026209677419355 0.24143145161290322 0.08198924731182795 0.10080645161290322
1 0.6223118279569892 0.025705645161290324 0.06653225806451613 0.04838709677419355
1 0.9459005376344086 0.27494959677419356 0.07526881720430108 0.12247983870967742
1 0.23067876344086022 0.02998991935483871 0.08635752688172044 0.052923387096774195
1 0.49899193548387094 0.03276209677419355 0.08602150537634409 0.0625
1 0.8531586021505376 0.03377016129032258 0.07056451612903226 0.05846774193548387
1 0.08803763440860216 0.3626512096774194 0.08870967741935484 0.10534274193548387
1 0.3528225806451613 0.3714717741935484 0.09408602150537634 0.10584677419354839
1 0.4759744623655914 0.38382056451612906 0.08770161290322581 0.11139112903225806
1 0.6123991935483871 0.39994959677419356 0.07829301075268817 0.1275201612903226
1 0.21875 0.4019657258064516 0.10685483870967742 0.10836693548387097
1 0.8560147849462365 0.4107862903225806 0.07560483870967742 0.10483870967741936
1 0.7345430107526881 0.4586693548387097 0.07661290322580645 0.13608870967741934
1 0.9690860215053764 0.4700100806451613 0.06182795698924731 0.1184475806451613