1 0.7752016129032258 0.3575268817204301 0.20967741935483872 0.13911290322580644
1 0.4485887096774194 0.36155913978494625 0.2006048387096774 0.1256720430107527
1 0.16204637096774194 0.37214381720430106 0.22026209677419356 0.1622983870967742
1 0.6781754032258065 0.5655241935483871 0.18598790322580644 0.13978494623655913
1 0.3639112903225806 0.566364247311828 0.21774193548387097 0.13205645161290322
1 0.08089717741935484 0.5821572580645161 0.13961693548387097 0.13004032258064516
1 0.930695564516129 0.5887096774193549 0.11643145161290322 0.13776881720430106
1 0.7782258064516129 0.7577284946236559 0.17338709677419356 0.12231182795698925
1 0.4725302419354839 0.7610887096774194 0.17086693548387097 0.125
1 0.1670866935483871 0.761760752688172 0.19808467741935484 0.12231182795698925
1 0.6927923387096774 0.9442204301075269 0.2132056451612903 0.09744623655913978
1 0.3702116935483871 0.9442204301075269 0.22026209677419356 0.10147849462365591
1 0.09702620967741936 0.9459005376344086 0.19405241935483872 0.1081989247311828