1 0.5940860215053764 0.53125 0.16196236559139784 0.23487903225806453
1 0.4388440860215054 0.7283266129032258 0.16263440860215053 0.18850806451612903
1 0.22379032258064516 0.780241935483871 0.14045698924731181 0.19858870967741934
1 0.8321572580645161 0.7983870967741935 0.14751344086021506 0.2006048387096774
1 0.6140793010752689 0.84375 0.13743279569892472 0.21875
1 0.14986559139784947 0.9715221774193549 0.12029569892473119 0.05695564516129032
1 0.7708333333333334 0.9788306451612904 0.10954301075268817 0.04233870967741935
1 0.447244623655914 0.12827620967741934 0.1350806451612903 0.203125
1 0.24075940860215053 0.17993951612903225 0.14751344086021506 0.20362903225806453
1 0.8528225806451613 0.20110887096774194 0.15188172043010753 0.21068548387096775
1 0.6293682795698925 0.23941532258064516 0.15255376344086022 0.22076612903225806
1 0.38676075268817206 0.43674395161290325 0.13239247311827956 0.15675403225806453
1 0.18363575268817203 0.48513104838709675 0.14079301075268819 0.20413306451612903
1 0.7859543010752689 0.4959677419354839 0.13172043010752688 0.22983870967741934