1 0.555695564516129 0.49294354838709675 0.21421370967741934 0.1538978494623656
1 0.21774193548387097 0.5490591397849462 0.23084677419354838 0.20631720430107528
1 0.8833165322580645 0.5562836021505376 0.21118951612903225 0.1461693548387097
1 0.5854334677419355 0.060147849462365593 0.2283266129032258 0.12029569892473119
1 0.45463709677419356 0.7271505376344086 0.23084677419354838 0.20094086021505375
1 0.7626008064516129 0.7600806451612904 0.21673387096774194 0.1592741935483871
1 0.10735887096774194 0.7627688172043011 0.18346774193548387 0.19153225806451613
1 0.5118447580645161 0.9289314516129032 0.23941532258064516 0.11659946236559139
1 0.16280241935483872 0.9544690860215054 0.17842741935483872 0.09106182795698925
1 0.2547883064516129 0.09660618279569892 0.21522177419354838 0.15625
1 0.8923891129032258 0.12634408602150538 0.19405241935483872 0.13239247311827956
1 0.4700100806451613 0.2765456989247312 0.21723790322580644 0.14180107526881722
1 0.12298387096774194 0.30561155913978494 0.23487903225806453 0.14818548387096775
1 0.7840221774193549 0.3282930107526882 0.21018145161290322 0.13776881720430106