1 0.46975806451612906 0.4650537634408602 0.20463709677419356 0.16599462365591397
1 0.1532258064516129 0.48101478494623656 0.19254032258064516 0.13743279569892472
1 0.7497479838709677 0.5124327956989247 0.21824596774193547 0.16532258064516128
1 0.49319556451612906 0.6634744623655914 0.19909274193548387 0.11861559139784947
1 0.2006048387096774 0.6671706989247311 0.17641129032258066 0.11391129032258064
1 0.7769657258064516 0.7074932795698925 0.1587701612903226 0.11256720430107527
1 0.5398185483870968 0.08215725806451613 0.1502016129032258 0.11659946236559139
1 0.24571572580645162 0.09122983870967742 0.14566532258064516 0.10719086021505377
1 0.8190524193548387 0.1364247311827957 0.2086693548387097 0.1639784946236559
1 0.04057459677419355 0.23538306451612903 0.07106854838709678 0.13474462365591397
1 0.5798891129032258 0.2782258064516129 0.20110887096774194 0.12634408602150538
1 0.2913306451612903 0.29469086021505375 0.22076612903225806 0.16666666666666666
1 0.8606350806451613 0.33198924731182794 0.17389112903225806 0.13306451612903225