1 0.35131048387096775 0.45547715053763443 0.22379032258064516 0.1676747311827957
1 0.9357358870967742 0.47580645161290325 0.12852822580645162 0.135752688172043
1 0.6706149193548387 0.48773521505376344 0.21018145161290322 0.17237903225806453
1 0.08341733870967742 0.5189852150537635 0.140625 0.12399193548387097
1 0.883820564516129 0.670866935483871 0.20816532258064516 0.14213709677419356
1 0.25151209677419356 0.6755712365591398 0.20463709677419356 0.15423387096774194
1 0.5567036290322581 0.7051411290322581 0.17893145161290322 0.1663306451612903
1 0.034274193548387094 0.7162298387096774 0.06149193548387097 0.12668010752688172
1 0.36743951612903225 0.871135752688172 0.22983870967741934 0.1743951612903226
1 0.9344758064516129 0.8733198924731183 0.1310483870967742 0.12432795698924731
1 0.07484879032258064 0.9178427419354839 0.14969758064516128 0.15288978494623656
1 0.6680947580645161 0.9190188172043011 0.21421370967741934 0.13172043010752688