1 0.6050067204301075 0.508820564516129 0.050067204301075266 0.09223790322580645
1 0.2928427419354839 0.5178931451612904 0.060147849462365593 0.09324596774193548
1 0.8108198924731183 0.5289818548387096 0.06720430107526881 0.09828629032258064
1 0.6858198924731183 0.5405745967741935 0.002688172043010753 0.007560483870967742
1 0.7110215053763441 0.5657762096774194 0.06989247311827956 0.10836693548387097
1 0.9126344086021505 0.5733366935483871 0.06653225806451613 0.09828629032258064
1 0.15507392473118278 0.6320564516129032 0.06754032258064516 0.1159274193548387
1 0.3581989247311828 0.6345766129032258 0.06653225806451613 0.08669354838709678
1 0.06048387096774194 0.6353326612903226 0.06384408602150538 0.09122983870967742
1 0.4642137096774194 0.6565020161290323 0.07358870967741936 0.10332661290322581
1 0.5661962365591398 0.6638104838709677 0.05443548387096774 0.08064516129032258
1 0.7762096774193549 0.6759072580645161 0.06586021505376344 0.09576612903225806
1 0.2567204301075269 0.6804435483870968 0.06518817204301075 0.09576612903225806
1 0.675739247311828 0.7132056451612904 0.06653225806451613 0.10584677419354839
1 0.8748319892473119 0.7182459677419355 0.0648521505376344 0.0907258064516129
1 0.1748991935483871 0.7739415322580645 0.06350806451612903 0.09022177419354839
1 0.36760752688172044 0.7935987903225806 0.06720430107526881 0.10131048387096774
1 0.48588709677419356 0.8155241935483871 0.05443548387096774 0.08971774193548387
1 0.07526881720430108 0.8253528225806451 0.06854838709677419 0.09828629032258064
1 0.2668010752688172 0.8319052419354839 0.05040322580645161 0.109375
1 0.7945228494623656 0.8412298387096774 0.07426075268817205 0.10584677419354839
1 0.5934139784946236 0.8467741935483871 0.07325268817204302 0.10584677419354839
1 0.6875 0.8566028225806451 0.05913978494623656 0.11340725806451613
1 0.897513440860215 0.8820564516129032 0.07661290322580645 0.10080645161290322
1 0.20295698924731181 0.1696068548387097 0.06854838709677419 0.09627016129032258
1 0.4044018817204301 0.18044354838709678 0.058131720430107524 0.08266129032258064
1 0.520497311827957 0.19405241935483872 0.0678763440860215 0.11088709677419355
1 0.3094758064516129 0.19606854838709678 0.08266129032258064 0.1028225806451613
1 0.10299059139784947 0.19909274193548387 0.05342741935483871 0.0907258064516129
1 0.6206317204301075 0.21244959677419356 0.07258064516129033 0.10231854838709678
1 0.8235887096774194 0.2240423387096774 0.06989247311827956 0.08014112903225806
1 0.723622311827957 0.25680443548387094 0.0715725806451613 0.09022177419354839
1 0.9227150537634409 0.27318548387096775 0.07325268817204302 0.08770161290322581
1 0.16683467741935484 0.32132056451612906 0.06686827956989247 0.08820564516129033
1 0.364247311827957 0.3286290322580645 0.05981182795698925 0.07762096774193548
1 0.06165658602150538 0.3432459677419355 0.06418010752688172 0.1280241935483871
1 0.47513440860215056 0.34904233870967744 0.06518817204301075 0.09324596774193548
1 0.5858534946236559 0.35408266129032256 0.0715725806451613 0.09324596774193548
1 0.2662970430107527 0.36038306451612906 0.062163978494623656 0.09879032258064516
1 0.7925067204301075 0.3767641129032258 0.06821236559139784 0.09324596774193548
1 0.6839717741935484 0.39087701612903225 0.07090053763440861 0.08921370967741936
1 0.8949932795698925 0.4158266129032258 0.06149193548387097 0.10584677419354839
1 0.18397177419354838 0.4808467741935484 0.07224462365591398 0.08770161290322581
1 0.09811827956989247 0.4873991935483871 0.06518817204301075 0.09778225806451613
1 0.39852150537634407 0.4964717741935484 0.06653225806451613 0.09576612903225806
1 0.5025201612903226 0.4994959677419355 0.07022849462365591 0.10383064516129033