1 0.12928427419354838 0.34223790322580644 0.1930443548387097 0.14213709677419356
1 0.45236895161290325 0.37785618279569894 0.20413306451612903 0.1508736559139785
1 0.6645665322580645 0.5297379032258065 0.22530241935483872 0.17842741935483872
1 0.0846774193548387 0.5401545698924731 0.13608870967741934 0.1280241935483871
1 0.9347278225806451 0.5700604838709677 0.12550403225806453 0.1515456989247312
1 0.35080645161290325 0.5861895161290323 0.21673387096774194 0.15288978494623656
1 0.7600806451612904 0.7469758064516129 0.23487903225806453 0.1424731182795699
1 0.15675403225806453 0.760752688172043 0.1935483870967742 0.15456989247311828
1 0.4380040322580645 0.8020833333333334 0.1935483870967742 0.15658602150537634
1 0.6827116935483871 0.9311155913978495 0.2212701612903226 0.13776881720430106
1 0.08417338709677419 0.9406922043010753 0.14415322580645162 0.11861559139784947
1 0.7651209677419355 0.32073252688172044 0.20766129032258066 0.17170698924731181