2 0.06230769230769231 0.3597285067873303 0.12461538461538461 0.12217194570135746
2 0.49615384615384617 0.3778280542986425 0.18 0.20361990950226244
2 0.9576923076923077 0.39592760180995473 0.08461538461538462 0.12669683257918551
2 0.22153846153846155 0.4083710407239819 0.16615384615384615 0.16968325791855204
2 0.7615384615384615 0.4083710407239819 0.18769230769230769 0.2239819004524887
2 0.07 0.5124434389140271 0.14 0.18778280542986425
2 0.6515384615384615 0.5226244343891403 0.22923076923076924 0.24434389140271492
2 0.3415384615384615 0.5282805429864253 0.19384615384615383 0.251131221719457
2 0.9338461538461539 0.5644796380090498 0.13230769230769232 0.20135746606334842
2 0.21307692307692308 0.6357466063348416 0.22923076923076924 0.31221719457013575
2 0.5069230769230769 0.6730769230769231 0.3123076923076923 0.3054298642533937
2 0.8523076923076923 0.7115384615384616 0.2953846153846154 0.3597285067873303
2 0.08461538461538462 0.8088235294117647 0.16923076923076924 0.38235294117647056
2 0.3253846153846154 0.8563348416289592 0.36153846153846153 0.2873303167420814
2 0.7415384615384616 0.8676470588235294 0.36923076923076925 0.2647058823529412