2 0.06576923076923077 0.10553814002089865 0.11461538461538462 0.13793103448275862
2 0.44576923076923075 0.1677115987460815 0.13615384615384615 0.15151515151515152
2 0.17461538461538462 0.1724137931034483 0.14 0.14629049111807732
2 0.8873076923076924 0.180773249738767 0.09307692307692307 0.11494252873563218
2 0.05307692307692308 0.25391849529780564 0.10615384615384615 0.12539184952978055
2 0.7311538461538462 0.2831765935214211 0.10692307692307693 0.0961337513061651
2 0.16884615384615384 0.3187042842215256 0.13615384615384615 0.14629049111807732
2 0.5673076923076923 0.3563218390804598 0.11461538461538462 0.12748171368861025
2 0.9261538461538461 0.36938349007314525 0.1476923076923077 0.12225705329153605
2 0.2903846153846154 0.3881922675026123 0.15307692307692308 0.16405433646812956
2 0.7503846153846154 0.4284221525600836 0.17615384615384616 0.18808777429467086
2 0.46076923076923076 0.4832810867293626 0.10923076923076923 0.13061650992685475
2 0.9253846153846154 0.5407523510971787 0.14923076923076922 0.19331243469174503
2 0.6273076923076923 0.5616509926854755 0.13 0.14106583072100312
2 0.22346153846153846 0.5961337513061651 0.12230769230769231 0.14106583072100312
2 0.806923076923077 0.658307210031348 0.1276923076923077 0.13584117032392895
2 0.3811538461538462 0.6959247648902821 0.1376923076923077 0.148380355276907
2 0.6126923076923076 0.07575757575757576 0.12384615384615384 0.09926854754440961
2 0.16307692307692306 0.7748171368861024 0.16307692307692306 0.19540229885057472
2 0.5626923076923077 0.8369905956112853 0.13923076923076924 0.11703239289446186