2 0.3765 0.20133333333333334 0.195 0.13066666666666665
2 0.7645 0.20933333333333334 0.235 0.168
2 0.1735 0.2733333333333333 0.217 0.184
2 0.5745 0.2866666666666667 0.251 0.20533333333333334
2 0.9295 0.29733333333333334 0.141 0.18933333333333333
2 0.3645 0.372 0.263 0.24266666666666667
2 0.8195 0.3973333333333333 0.261 0.24
2 0.1275 0.48533333333333334 0.249 0.2613333333333333
2 0.5985 0.5133333333333333 0.303 0.30666666666666664
2 0.9265 0.5746666666666667 0.147 0.32266666666666666
2 0.3615 0.6666666666666666 0.337 0.37333333333333335
2 0.12 0.736 0.24 0.256
2 0.7805 0.7666666666666667 0.343 0.4666666666666667
2 0.4815 0.8293333333333334 0.457 0.3413333333333333
2 0.8915 0.8813333333333333 0.217 0.23733333333333334
2 0.131 0.9133333333333333 0.262 0.17333333333333334
2 0.1045 0.09333333333333334 0.171 0.13866666666666666