1 0.2375 0.20833333333333334 0.0875 0.07916666666666666
1 0.43984375 0.31145833333333334 0.0671875 0.08958333333333333
1 0.875 0.3177083333333333 0.08125 0.08958333333333333
1 0.66953125 0.325 0.0765625 0.08333333333333333
1 0.771875 0.325 0.090625 0.11666666666666667
1 0.54765625 0.328125 0.0984375 0.11041666666666666
1 0.2296875 0.3302083333333333 0.075 0.08541666666666667
1 0.1234375 0.33229166666666665 0.075 0.09791666666666667
1 0.340625 0.334375 0.065625 0.08958333333333333
1 0.0296875 0.33541666666666664 0.059375 0.1
1 0.228125 0.45416666666666666 0.071875 0.08333333333333333
1 0.11015625 0.45625 0.0890625 0.10416666666666667
1 0.446875 0.46041666666666664 0.0875 0.10416666666666667
1 0.02109375 0.46145833333333336 0.0421875 0.10208333333333333
1 0.33125 0.46145833333333336 0.071875 0.08541666666666667
1 0.54921875 0.4635416666666667 0.0828125 0.09375
1 0.65859375 0.46458333333333335 0.0921875 0.10416666666666667
1 0.76484375 0.46875 0.0671875 0.10833333333333334
1 0.8640625 0.471875 0.059375 0.11041666666666666
1 0.32890625 0.590625 0.0828125 0.11458333333333333
1 0.4421875 0.5958333333333333 0.096875 0.11666666666666667
1 0.215625 0.596875 0.08125 0.11875
1 0.115625 0.596875 0.075 0.09791666666666667
1 0.55625 0.6010416666666667 0.075 0.09791666666666667
1 0.65859375 0.6010416666666667 0.0828125 0.10625
1 0.76796875 0.6072916666666667 0.0890625 0.11041666666666666
1 0.02265625 0.6114583333333333 0.0453125 0.11458333333333333
1 0.88828125 0.6145833333333334 0.0828125 0.12083333333333333
1 0.21640625 0.7427083333333333 0.0796875 0.09375
1 0.5453125 0.7458333333333333 0.08125 0.1
1 0.01953125 0.746875 0.0390625 0.11458333333333333
1 0.66328125 0.7520833333333333 0.0859375 0.11666666666666667
1 0.32734375 0.7541666666666667 0.0828125 0.1
1 0.1 0.7541666666666667 0.075 0.11666666666666667
1 0.7734375 0.7552083333333334 0.08125 0.11458333333333333
1 0.8796875 0.7572916666666667 0.078125 0.11458333333333333
1 0.44296875 0.7625 0.0578125 0.10416666666666667
1 0.7578125 0.190625 0.0625 0.06458333333333334
1 0.65546875 0.19375 0.0671875 0.09583333333333334
1 0.55234375 0.19583333333333333 0.0796875 0.08333333333333333
1 0.8703125 0.19791666666666666 0.06875 0.08333333333333333
1 0.33828125 0.20104166666666667 0.0765625 0.09791666666666667
1 0.446875 0.20104166666666667 0.08125 0.09791666666666667
1 0.13203125 0.20104166666666667 0.0671875 0.08541666666666667
1 0.0328125 0.20625 0.065625 0.10833333333333334