1 0.7315384615384616 0.1352601156069364 0.1723076923076923 0.2566473988439306
1 0.505 0.1375722543352601 0.17153846153846153 0.2751445086705202
1 0.2926923076923077 0.13988439306358383 0.15 0.2566473988439306
1 0.07730769230769231 0.14104046242774568 0.1346153846153846 0.2543352601156069
1 0.9415384615384615 0.15375722543352602 0.11692307692307692 0.23815028901734103
1 0.07 0.43352601156069365 0.12923076923076923 0.27976878612716766
1 0.2792307692307692 0.47630057803468207 0.18461538461538463 0.22658959537572254
1 0.7353846153846154 0.4774566473988439 0.14153846153846153 0.2751445086705202
1 0.5219230769230769 0.4820809248554913 0.17153846153846153 0.23352601156069364
1 0.9311538461538461 0.484393063583815 0.1376923076923077 0.20578034682080926
1 0.051153846153846154 0.7745664739884393 0.10230769230769231 0.19884393063583816
1 0.725 0.7895953757225433 0.16846153846153847 0.19653179190751446
1 0.24961538461538463 0.793063583815029 0.15923076923076923 0.29595375722543354
1 0.49038461538461536 0.8115606936416185 0.16076923076923078 0.29595375722543354
1 0.9311538461538461 0.8531791907514451 0.1376923076923077 0.18034682080924855