1 0.574 0.32266666666666666 0.052 0.08533333333333333
1 0.752 0.368 0.068 0.08533333333333333
1 0.536 0.372 0.04 0.07733333333333334
1 0.424 0.38133333333333336 0.068 0.08
1 0.826 0.38666666666666666 0.056 0.08
1 0.625 0.39066666666666666 0.054 0.072
1 0.282 0.412 0.056 0.06133333333333333
1 0.488 0.4186666666666667 0.06 0.05333333333333334
1 0.692 0.428 0.056 0.06666666666666667
1 0.355 0.43333333333333335 0.07 0.07733333333333334
1 0.217 0.44666666666666666 0.05 0.056
1 0.57 0.44666666666666666 0.056 0.072
1 0.799 0.4493333333333333 0.054 0.07733333333333334
1 0.441 0.472 0.062 0.07466666666666667
1 0.662 0.48 0.064 0.07466666666666667
1 0.278 0.496 0.076 0.07466666666666667
1 0.12 0.5026666666666667 0.048 0.07733333333333334
1 0.526 0.5093333333333333 0.06 0.07466666666666667
1 0.777 0.5306666666666666 0.066 0.08533333333333333
1 0.367 0.5346666666666666 0.074 0.072
1 0.619 0.548 0.07 0.07733333333333334
1 0.181 0.5586666666666666 0.082 0.07733333333333334
1 0.449 0.5786666666666667 0.074 0.08
1 0.718 0.5893333333333334 0.076 0.08533333333333333
1 0.272 0.5973333333333334 0.072 0.10133333333333333
1 0.547 0.6293333333333333 0.09 0.09066666666666667
1 0.363 0.656 0.078 0.10666666666666667
1 0.666 0.6906666666666667 0.096 0.096
1 0.459 0.7226666666666667 0.09 0.112
1 0.609 0.804 0.102 0.11466666666666667