3 0.1930379746835443 0.32063492063492066 0.027426160337552744 0.031746031746031744
3 0.1571729957805907 0.3619047619047619 0.027426160337552744 0.031746031746031744
3 0.32489451476793246 0.38412698412698415 0.046413502109704644 0.05714285714285714
3 0.5210970464135021 0.39365079365079364 0.04219409282700422 0.06984126984126984
3 0.5770042194092827 0.4095238095238095 0.035864978902953586 0.050793650793650794
3 0.1729957805907173 0.4158730158730159 0.05907172995780591 0.044444444444444446
3 0.3670886075949367 0.42857142857142855 0.046413502109704644 0.08253968253968254
3 0.5042194092827004 0.44761904761904764 0.08016877637130802 0.06349206349206349
3 0.5685654008438819 0.45555555555555555 0.056962025316455694 0.05396825396825397
3 0.2805907172995781 0.4888888888888889 0.05063291139240506 0.0380952380952381
3 0.3449367088607595 0.5079365079365079 0.06118143459915612 0.09523809523809523
3 0.41244725738396626 0.5095238095238095 0.052742616033755275 0.05396825396825397
3 0.20253164556962025 0.5492063492063493 0.03375527426160337 0.050793650793650794
3 0.28270042194092826 0.5777777777777777 0.05907172995780591 0.06984126984126984
3 0.20358649789029537 0.6365079365079365 0.04430379746835443 0.06666666666666667
3 0.23839662447257384 0.6730158730158731 0.04219409282700422 0.0761904761904762
3 0.2974683544303797 0.6777777777777778 0.02531645569620253 0.04126984126984127
3 0.2795358649789029 0.792063492063492 0.056962025316455694 0.047619047619047616
3 0.43037974683544306 0.2111111111111111 0.0379746835443038 0.06666666666666667
3 0.39662447257383965 0.273015873015873 0.03375527426160337 0.05714285714285714
3 0.26582278481012656 0.3111111111111111 0.06751054852320675 0.08253968253968254