2 0.6152173913043478 0.4391304347826087 0.12608695652173912 0.08985507246376812
2 0.38913043478260867 0.44782608695652176 0.11739130434782609 0.09565217391304348
2 0.4989130434782609 0.45072463768115945 0.1108695652173913 0.07246376811594203
2 0.7608695652173914 0.518840579710145 0.1391304347826087 0.11594202898550725
2 0.3782608695652174 0.5202898550724637 0.11739130434782609 0.0782608695652174
2 0.4945652173913043 0.5289855072463768 0.15 0.08985507246376812
2 0.11956521739130435 0.5405797101449276 0.10434782608695652 0.10144927536231885
2 0.23695652173913043 0.5550724637681159 0.10869565217391304 0.11884057971014493
2 0.35 0.6043478260869565 0.1391304347826087 0.11304347826086956
2 0.5021739130434782 0.6130434782608696 0.13043478260869565 0.11884057971014493
2 0.6510869565217391 0.6130434782608696 0.15 0.1246376811594203
2 0.8130434782608695 0.6318840579710145 0.14347826086956522 0.14492753623188406
2 0.18478260869565216 0.6420289855072464 0.1391304347826087 0.14782608695652175
2 0.059782608695652176 0.6594202898550725 0.1108695652173913 0.16521739130434782
2 0.30978260869565216 0.7463768115942029 0.1891304347826087 0.19420289855072465
2 0.4934782608695652 0.7463768115942029 0.17391304347826086 0.17101449275362318
2 0.1108695652173913 0.7768115942028986 0.1565217391304348 0.19130434782608696
2 0.6630434782608695 0.7797101449275362 0.21304347826086956 0.2144927536231884
2 0.8532608695652174 0.7884057971014493 0.21956521739130436 0.2028985507246377
2 0.266304347826087 0.9115942028985508 0.21521739130434783 0.17681159420289855
2 0.4771739130434783 0.9115942028985508 0.21956521739130436 0.17681159420289855
2 0.8913043478260869 0.9289855072463769 0.21739130434782608 0.14202898550724638
2 0.07173913043478261 0.9304347826086956 0.14347826086956522 0.1391304347826087
2 0.683695652173913 0.9376811594202898 0.22391304347826088 0.1246376811594203