0 0.66875 0.31875 0.025 0.0375
0 0.48125 0.325 0.029166666666666667 0.0625
0 0.5989583333333334 0.346875 0.08125 0.2125
0 0.3729166666666667 0.3484375 0.05416666666666667 0.065625
0 0.6677083333333333 0.3703125 0.035416666666666666 0.040625
0 0.5385416666666667 0.38125 0.022916666666666665 0.04375
0 0.2916666666666667 0.41875 0.029166666666666667 0.05
0 0.23645833333333333 0.425 0.01875 0.025
0 0.725 0.4296875 0.020833333333333332 0.034375
0 0.7802083333333333 0.4515625 0.035416666666666666 0.065625
0 0.46458333333333335 0.046875 0.0375 0.05
0 0.14166666666666666 0.4890625 0.0875 0.128125
0 0.30104166666666665 0.4953125 0.027083333333333334 0.034375
0 0.23645833333333333 0.496875 0.06041666666666667 0.05625
0 0.48333333333333334 0.503125 0.175 0.13125
0 0.35208333333333336 0.509375 0.058333333333333334 0.05
0 0.40208333333333335 0.0546875 0.04583333333333333 0.109375
0 0.31666666666666665 0.53125 0.029166666666666667 0.025
0 0.04791666666666667 0.534375 0.03333333333333333 0.16875
0 0.278125 0.5515625 0.08541666666666667 0.034375
0 0.3572916666666667 0.5609375 0.052083333333333336 0.040625
0 0.13333333333333333 0.5671875 0.0375 0.034375
0 0.18958333333333333 0.578125 0.0375 0.03125
0 0.3 0.590625 0.06666666666666667 0.0375
0 0.46145833333333336 0.625 0.16458333333333333 0.14375
0 0.23645833333333333 0.6328125 0.06041666666666667 0.053125
0 0.590625 0.6375 0.06875 0.14375
0 0.3697916666666667 0.6734375 0.05625 0.084375
0 0.228125 0.684375 0.052083333333333336 0.04375
0 0.0875 0.7234375 0.11666666666666667 0.090625
0 0.9770833333333333 0.7265625 0.04583333333333333 0.078125
0 0.41041666666666665 0.7515625 0.05 0.059375
0 0.34479166666666666 0.771875 0.035416666666666666 0.0625
0 0.12916666666666668 0.78125 0.0625 0.0625
0 0.23125 0.803125 0.025 0.0375
0 0.2760416666666667 0.8109375 0.027083333333333334 0.040625
0 0.175 0.8296875 0.05 0.078125
0 0.37395833333333334 0.8359375 0.07291666666666667 0.078125
0 0.36770833333333336 0.0890625 0.03958333333333333 0.053125
0 0.371875 0.9171875 0.06875 0.065625
0 0.19375 0.9203125 0.0625 0.115625
0 0.3125 0.96875 0.058333333333333334 0.0625
0 0.22395833333333334 0.1578125 0.022916666666666665 0.071875
0 0.4083333333333333 0.1921875 0.04583333333333333 0.096875
0 0.528125 0.0234375 0.03125 0.034375