3 0.3977611940298508 0.26399253731343286 0.0880597014925373 0.061567164179104475
3 0.49029850746268655 0.3255597014925373 0.1626865671641791 0.08395522388059702
3 0.3641791044776119 0.33861940298507465 0.08059701492537313 0.061567164179104475
3 0.28432835820895525 0.3572761194029851 0.05223880597014925 0.06902985074626866
3 0.3641791044776119 0.45242537313432835 0.06865671641791045 0.12126865671641791
3 0.08283582089552238 0.45802238805970147 0.14776119402985075 0.20708955223880596
3 0.5313432835820896 0.5055970149253731 0.10149253731343283 0.0708955223880597
3 0.4634328358208955 0.5167910447761194 0.07313432835820896 0.13059701492537312
3 0.767910447761194 0.6343283582089553 0.13582089552238805 0.16044776119402984
3 0.5850746268656717 0.07929104477611941 0.09850746268656717 0.14365671641791045
3 0.7805970149253731 0.10541044776119403 0.08358208955223881 0.09888059701492537
3 0.9186567164179105 0.13246268656716417 0.1626865671641791 0.20149253731343283
3 0.09104477611940298 0.15298507462686567 0.11044776119402985 0.2798507462686567